%YAML:1.0
---
K1: !!opencv-matrix
   rows: 3
   cols: 3
   dt: d
   data: [ 9.6087042591688021e+02, 0., 6.3066224153337487e+02, 0.,
       9.4486200922702540e+02, 3.5193417274452662e+02, 0., 0., 1. ]
K2: !!opencv-matrix
   rows: 3
   cols: 3
   dt: d
   data: [ 9.5717641789110462e+02, 0., 6.1322061212834865e+02, 0.,
       9.4180065432674496e+02, 3.3950527465165294e+02, 0., 0., 1. ]
D1: !!opencv-matrix
   rows: 1
   cols: 5
   dt: d
   data: [ 4.4135169405388627e-02, -5.4787383790698342e-02,
       -9.7789278628626565e-04, -1.1389641279450490e-03,
       5.7788715501440368e-03 ]
D2: !!opencv-matrix
   rows: 1
   cols: 5
   dt: d
   data: [ 3.3599692125103837e-02, 7.8377877622801302e-03,
       -6.3760510157015470e-04, -5.9189900272463725e-04,
       -8.9396280227627786e-02 ]
R: !!opencv-matrix
   rows: 3
   cols: 3
   dt: d
   data: [ 9.9978756679199809e-01, -1.4536623512285709e-02,
       1.4611908328418018e-02, 1.4184018422398541e-02,
       9.9961248157564053e-01, 2.3952041657921103e-02,
       -1.4954427756657502e-02, -2.3739697871956827e-02,
       9.9960631842511838e-01 ]
T: [ -6.3517036677596062e-02, -1.7244869861434225e-04,
    -1.1925250300408876e-03 ]
E: !!opencv-matrix
   rows: 3
   cols: 3
   dt: d
   data: [ 1.9493668600429108e-05, 1.1961567846237534e-03,
       -1.4381739954143251e-04, -2.1421326344352085e-03,
       -1.4905399730574494e-03, 6.3474606124146710e-02,
       -7.2851475358710655e-04, -6.3494929477429712e-02,
       -1.5188429039139759e-03 ]
F: !!opencv-matrix
   rows: 3
   cols: 3
   dt: d
   data: [ -3.5712346505683196e-08, -2.2284831540169487e-06,
       1.0599652894161141e-03, 3.9884501479933999e-06,
       2.8222655677383694e-06, -1.1706790226232511e-01,
       -5.4717256303913041e-05, 1.1363597278988988e-01, 1. ]
R1: !!opencv-matrix
   rows: 3
   cols: 3
   dt: d
   data: [ 9.9936550532202661e-01, -1.2266179690929697e-02,
       3.3438415157424461e-02, 1.1869106929837911e-02,
       9.9985698078048102e-01, 1.2047501202692679e-02,
       -3.3581409635965592e-02, -1.1642973002228919e-02,
       9.9936816544581353e-01 ]
R2: !!opencv-matrix
   rows: 3
   cols: 3
   dt: d
   data: [ 9.9982011479479349e-01, 2.7145107307184834e-03,
       1.8771507217557097e-02, -2.4919219751983099e-03,
       9.9992643166073514e-01, -1.1871040017565950e-02,
       -1.8802350294458058e-02, 1.1822127461753340e-02,
       9.9975332403832629e-01 ]
P1: !!opencv-matrix
   rows: 3
   cols: 4
   dt: d
   data: [ 9.4333133177688524e+02, 0., 5.8490225982666016e+02, 0., 0.,
       9.4333133177688524e+02, 3.4474943161010742e+02, 0., 0., 0., 1.,
       0. ]
P2: !!opencv-matrix
   rows: 3
   cols: 4
   dt: d
   data: [ 9.4333133177688524e+02, 0., 5.8490225982666016e+02,
       -5.9928391030516174e+01, 0., 9.4333133177688524e+02,
       3.4474943161010742e+02, 0., 0., 0., 1., 0. ]
Q: !!opencv-matrix
   rows: 4
   cols: 4
   dt: d
   data: [ 1., 0., 0., -5.8490225982666016e+02, 0., 1., 0.,
       -3.4474943161010742e+02, 0., 0., 0., 9.4333133177688524e+02, 0.,
       0., 1.5740975446788331e+01, 0. ]
