%YAML:1.0
---
K1: !!opencv-matrix
   rows: 3
   cols: 3
   dt: d
   data: [ 9.5372378606586199e+02, 0., 6.3363700503079792e+02, 0.,
       9.3779619752064559e+02, 3.5182084288278747e+02, 0., 0., 1. ]
K2: !!opencv-matrix
   rows: 3
   cols: 3
   dt: d
   data: [ 9.5413396451188987e+02, 0., 6.1766601501822856e+02, 0.,
       9.3832249044807634e+02, 3.3764244127329755e+02, 0., 0., 1. ]
D1: !!opencv-matrix
   rows: 1
   cols: 5
   dt: d
   data: [ 3.0743870271675976e-02, -2.5212430267878413e-03,
       -5.7678509986236557e-04, -4.3984243496613057e-04,
       -6.6763051377753693e-02 ]
D2: !!opencv-matrix
   rows: 1
   cols: 5
   dt: d
   data: [ 3.5576996814861921e-02, -3.5165846565851028e-03,
       -5.4807162664554157e-04, 6.2354837239493523e-04,
       -9.7546817067835967e-02 ]
R: !!opencv-matrix
   rows: 3
   cols: 3
   dt: d
   data: [ 9.9981958982770414e-01, -1.4178562702969175e-02,
       1.2639468202398417e-02, 1.3830483903135774e-02,
       9.9953395867224126e-01, 2.7213657894583000e-02,
       -1.3019428242690671e-02, -2.7033938312355985e-02,
       9.9954972896177474e-01 ]
T: [ -6.3492121604755883e-02, 1.3235922783250289e-04,
    2.1825029813089649e-03 ]
E: !!opencv-matrix
   rows: 3
   cols: 3
   dt: d
   data: [ -3.1908313820562696e-05, -2.1850640359220132e-03,
       7.2905740818318400e-05, 1.3554781143607613e-03,
       -1.7473868541534815e-03, 6.3491118618275680e-02,
       -1.0104621147119200e-03, -6.3460654988489851e-02,
       -1.7295258266045717e-03 ]
F: !!opencv-matrix
   rows: 3
   cols: 3
   dt: d
   data: [ 5.8411267853073697e-08, 4.0679077341958484e-06,
       -1.5954712372316959e-03, -2.5231467932823608e-06,
       3.3079064501552883e-06, -1.1228103972747092e-01,
       2.5807511841844169e-03, 1.0909565438759751e-01, 1. ]
R1: !!opencv-matrix
   rows: 3
   cols: 3
   dt: d
   data: [ 9.9964570640965156e-01, -1.5323887997379703e-02,
       -2.1763274417982162e-02, 1.5620381507550468e-02,
       9.9978659001289605e-01, 1.3519545552420249e-02,
       2.1551457916048532e-02, -1.3854706313349006e-02,
       9.9967173700903622e-01 ]
R2: !!opencv-matrix
   rows: 3
   cols: 3
   dt: d
   data: [ 9.9940755464736142e-01, -2.0834208856110106e-03,
       -3.4354025545701897e-02, 1.6129064418671053e-03,
       9.9990460186556596e-01, -1.3718079343481113e-02,
       3.4379328768769223e-02, 1.3654542302020203e-02,
       9.9931557339407628e-01 ]
P1: !!opencv-matrix
   rows: 3
   cols: 4
   dt: d
   data: [ 9.3805934398436102e+02, 0., 6.6333802032470703e+02, 0., 0.,
       9.3805934398436102e+02, 3.4401506805419922e+02, 0., 0., 0., 1.,
       0. ]
P2: !!opencv-matrix
   rows: 3
   cols: 4
   dt: d
   data: [ 9.3805934398436102e+02, 0., 6.6333802032470703e+02,
       -5.9594684534627078e+01, 0., 9.3805934398436102e+02,
       3.4401506805419922e+02, 0., 0., 0., 1., 0. ]
Q: !!opencv-matrix
   rows: 4
   cols: 4
   dt: d
   data: [ 1., 0., 0., -6.6333802032470703e+02, 0., 1., 0.,
       -3.4401506805419922e+02, 0., 0., 0., 9.3805934398436102e+02, 0.,
       0., 1.5740654578669817e+01, 0. ]
