%YAML:1.0
---
K1: !!opencv-matrix
   rows: 3
   cols: 3
   dt: d
   data: [ 9.6665592657159459e+02, 0., 6.3427060064605064e+02, 0.,
       9.5059580956422246e+02, 3.4964451275890269e+02, 0., 0., 1. ]
K2: !!opencv-matrix
   rows: 3
   cols: 3
   dt: d
   data: [ 9.6890999737088305e+02, 0., 6.1767257528497748e+02, 0.,
       9.5294929493613711e+02, 3.3745943297320724e+02, 0., 0., 1. ]
D1: !!opencv-matrix
   rows: 1
   cols: 5
   dt: d
   data: [ 4.4404950276699870e-02, -3.3348284265099372e-02,
       -1.7596972962945106e-03, -1.9066960141816909e-04,
       -3.2429823182415121e-02 ]
D2: !!opencv-matrix
   rows: 1
   cols: 5
   dt: d
   data: [ 4.6089314312769386e-02, -2.9291373113504365e-02,
       -1.8587174221565402e-03, 6.5032467814934479e-05,
       -2.9750998933400538e-02 ]
R: !!opencv-matrix
   rows: 3
   cols: 3
   dt: d
   data: [ 9.9933467634274797e-01, -1.4998592047524420e-02,
       3.3245253729325970e-02, 1.5676413053626867e-02,
       9.9967259695576371e-01, -2.0222486728673057e-02,
       -3.2931060303418747e-02, 2.0730198559377522e-02,
       9.9924261525166225e-01 ]
T: [ -6.3142243038710091e-02, -7.8361692762139550e-04,
    1.2838339618390692e-03 ]
E: !!opencv-matrix
   rows: 3
   cols: 3
   dt: d
   data: [ 5.6794248202164169e-06, -1.2996581651957501e-03,
       -7.5706111285676544e-04, -7.9636121646861060e-04,
       1.2896955338265520e-03, 6.3137101452664407e-02,
       -2.0674831426608923e-04, -6.3133323226738230e-02,
       1.3029447154543317e-03 ]
F: !!opencv-matrix
   rows: 3
   cols: 3
   dt: d
   data: [ 2.4599040828986023e-09, -5.7242551078004759e-07,
       -1.1838372234040118e-04, -3.5070145166782826e-07,
       5.7755145273724727e-07, 2.6897701754642171e-02,
       3.0064164294026868e-05, -2.6783458698781945e-02, 1. ]
R1: !!opencv-matrix
   rows: 3
   cols: 3
   dt: d
   data: [ 9.9991514637536882e-01, -3.0129519016153850e-03,
       1.2673680205970778e-02, 3.1428802109871702e-03,
       9.9994258534492098e-01, -1.0244428617279503e-02,
       -1.2642086580309774e-02, 1.0283391199098782e-02,
       9.9986720593903977e-01 ]
R2: !!opencv-matrix
   rows: 3
   cols: 3
   dt: d
   data: [ 9.9971640892380353e-01, 1.2406824071398348e-02,
       -2.0326643720881152e-02, -1.2197520358797509e-02,
       9.9987163800853884e-01, 1.0388840321133259e-02,
       2.0452927066583575e-02, -1.0137959488114683e-02,
       9.9973941582385673e-01 ]
P1: !!opencv-matrix
   rows: 3
   cols: 4
   dt: d
   data: [ 9.5177255225017984e+02, 0., 6.3111802673339844e+02, 0., 0.,
       9.5177255225017984e+02, 3.4218105316162109e+02, 0., 0., 0., 1.,
       0. ]
P2: !!opencv-matrix
   rows: 3
   cols: 4
   dt: d
   data: [ 9.5177255225017984e+02, 0., 6.3111802673339844e+02,
       -6.0114101634531337e+01, 0., 9.5177255225017984e+02,
       3.4218105316162109e+02, 0., 0., 0., 1., 0. ]
Q: !!opencv-matrix
   rows: 4
   cols: 4
   dt: d
   data: [ 1., 0., 0., -6.3111802673339844e+02, 0., 1., 0.,
       -3.4218105316162109e+02, 0., 0., 0., 9.5177255225017984e+02, 0.,
       0., 1.5832766794662589e+01, 0. ]
