%YAML:1.0
---
K1: !!opencv-matrix
   rows: 3
   cols: 3
   dt: d
   data: [ 9.6121149490625237e+02, 0., 6.3595276740488077e+02, 0.,
       9.4460023105732614e+02, 3.5252232777932534e+02, 0., 0., 1. ]
K2: !!opencv-matrix
   rows: 3
   cols: 3
   dt: d
   data: [ 9.6009239190250707e+02, 0., 6.1889347157920963e+02, 0.,
       9.4368324223630316e+02, 3.4152918762004833e+02, 0., 0., 1. ]
D1: !!opencv-matrix
   rows: 1
   cols: 5
   dt: d
   data: [ 2.9720572739129238e-02, 1.8091476216817906e-02,
       -5.7665959117740345e-04, 5.3622756601716349e-04,
       -1.2904409503094447e-01 ]
D2: !!opencv-matrix
   rows: 1
   cols: 5
   dt: d
   data: [ 3.8889924577160562e-02, -3.5768419860054003e-02,
       -1.4529486136073864e-04, 2.0735414550588120e-04,
       -2.4507962628147899e-02 ]
R: !!opencv-matrix
   rows: 3
   cols: 3
   dt: d
   data: [ 9.9768844721239081e-01, -4.3614496020650075e-02,
       5.2110824554914649e-02, 4.4296747760601329e-02,
       9.9894623163098706e-01, -1.2009348362176209e-02,
       -5.1532130139962752e-02, 1.4289928170398270e-02,
       9.9856909501352120e-01 ]
T: [ -5.7640436192254486e-02, -1.3758620506480639e-03,
    2.1081783929007883e-03 ]
E: !!opencv-matrix
   rows: 3
   cols: 3
   dt: d
   data: [ -2.2484344256044048e-05, -2.1256178310702506e-03,
       -1.3485754740491262e-03, -8.6702923192357611e-04,
       7.3173055476974955e-04, 5.7667817119047095e-02,
       -1.1806021899298102e-03, -5.7639704053751933e-02,
       7.6392138391366006e-04 ]
F: !!opencv-matrix
   rows: 3
   cols: 3
   dt: d
   data: [ -1.0047015532348147e-08, -9.6652466286835030e-07,
       -2.3211906637233336e-04, -3.9416437774575912e-07,
       3.3850550141695548e-07, 2.5331081565814928e-02,
       -3.6565634272689082e-04, -2.4680440006623051e-02, 1. ]
R1: !!opencv-matrix
   rows: 3
   cols: 3
   dt: d
   data: [ 9.9967759548373125e-01, -2.0273235180651251e-02,
       1.5287283054072155e-02, 2.0371940034655731e-02,
       9.9977243924809422e-01, -6.3288055065904847e-03,
       -1.5155498905998059e-02, 6.6381966847829672e-03,
       9.9986311322984822e-01 ]
R2: !!opencv-matrix
   rows: 3
   cols: 3
   dt: d
   data: [ 9.9904762781144485e-01, 2.3847004094677521e-02,
       -3.6539810618463196e-02, -2.3609521126656249e-02,
       9.9969732619455798e-01, 6.9171172912964604e-03,
       3.6693703499302094e-02, -6.0478421904026037e-03,
       9.9930825861109807e-01 ]
P1: !!opencv-matrix
   rows: 3
   cols: 4
   dt: d
   data: [ 9.4414173664681471e+02, 0., 6.4212441253662109e+02, 0., 0.,
       9.4414173664681471e+02, 3.4629965972900391e+02, 0., 0., 0., 1.,
       0. ]
P2: !!opencv-matrix
   rows: 3
   cols: 4
   dt: d
   data: [ 9.4414173664681471e+02, 0., 6.4212441253662109e+02,
       -5.4472619735709102e+01, 0., 9.4414173664681471e+02,
       3.4629965972900391e+02, 0., 0., 0., 1., 0. ]
Q: !!opencv-matrix
   rows: 4
   cols: 4
   dt: d
   data: [ 1., 0., 0., -6.4212441253662109e+02, 0., 1., 0.,
       -3.4629965972900391e+02, 0., 0., 0., 9.4414173664681471e+02, 0.,
       0., 1.7332409221873537e+01, 0. ]
