%YAML:1.0
---
K1: !!opencv-matrix
   rows: 3
   cols: 3
   dt: d
   data: [ 9.5272513219381847e+02, 0., 6.3957702503286839e+02, 0.,
       9.3986336875001223e+02, 3.5115734795265905e+02, 0., 0., 1. ]
K2: !!opencv-matrix
   rows: 3
   cols: 3
   dt: d
   data: [ 9.5010581361733716e+02, 0., 6.1963626317012995e+02, 0.,
       9.3713758551304181e+02, 3.3584610194541852e+02, 0., 0., 1. ]
D1: !!opencv-matrix
   rows: 1
   cols: 5
   dt: d
   data: [ 3.2693401922270472e-02, -3.4153896463052488e-02,
       -1.5128832018250216e-03, 2.1117302994711007e-03,
       -1.7970515414990403e-02 ]
D2: !!opencv-matrix
   rows: 1
   cols: 5
   dt: d
   data: [ 4.4168529679333379e-02, -9.3966664833756250e-02,
       -1.9832732034560391e-03, 3.1152970926092566e-04,
       7.4775403403385204e-02 ]
R: !!opencv-matrix
   rows: 3
   cols: 3
   dt: d
   data: [ 9.9749605622531745e-01, -4.3077522561458685e-02,
       5.6088723152745483e-02, 4.3542743780070656e-02,
       9.9902634772776011e-01, -7.0983103507538071e-03,
       -5.5728334615717946e-02, 9.5227934819315831e-03,
       9.9840055545119721e-01 ]
T: [ -5.7758786262821563e-02, -1.4826895442840524e-03,
    1.6195206829243886e-03 ]
E: !!opencv-matrix
   rows: 3
   cols: 3
   dt: d
   data: [ 1.2109444911986322e-05, -1.6320631792595562e-03,
       -1.4688222041480184e-03, -1.6033354736598427e-03,
       4.8026005459045232e-04, 5.7757241134212718e-02,
       -1.0359990582600488e-03, -5.7766419881630483e-02,
       4.9315195374718165e-04 ]
F: !!opencv-matrix
   rows: 3
   cols: 3
   dt: d
   data: [ 5.7735819298247837e-09, -7.8878921237935441e-07,
       -3.9390645738295022e-04, -7.7502215533385306e-07,
       2.3532554908426586e-07, 2.7011956294598634e-02,
       -2.1259138150970765e-04, -2.6116249910576973e-02, 1. ]
R1: !!opencv-matrix
   rows: 3
   cols: 3
   dt: d
   data: [ 9.9945447018617428e-01, -1.7686382225647494e-02,
       2.7891825122101595e-02, 1.7803729431737549e-02,
       9.9983364115756967e-01, -3.9644959222831806e-03,
       -2.7817067480147496e-02, 4.4589116793919744e-03,
       9.9960308566122402e-01 ]
R2: !!opencv-matrix
   rows: 3
   cols: 3
   dt: d
   data: [ 9.9927819477432733e-01, 2.5651843244790456e-02,
       -2.8019143218632435e-02, -2.5533569854633936e-02,
       9.9966351531241127e-01, 4.5708821589598983e-03,
       2.8126966758612051e-02, -3.8521541216917300e-03,
       9.9959693609453548e-01 ]
P1: !!opencv-matrix
   rows: 3
   cols: 4
   dt: d
   data: [ 9.3850047713152708e+02, 0., 6.3148738098144531e+02, 0., 0.,
       9.3850047713152708e+02, 3.4194234466552734e+02, 0., 0., 0., 1.,
       0. ]
P2: !!opencv-matrix
   rows: 3
   cols: 4
   dt: d
   data: [ 9.3850047713152708e+02, 0., 6.3148738098144531e+02,
       -5.4245803370539591e+01, 0., 9.3850047713152708e+02,
       3.4194234466552734e+02, 0., 0., 0., 1., 0. ]
Q: !!opencv-matrix
   rows: 4
   cols: 4
   dt: d
   data: [ 1., 0., 0., -6.3148738098144531e+02, 0., 1., 0.,
       -3.4194234466552734e+02, 0., 0., 0., 9.3850047713152708e+02, 0.,
       0., 1.7300886314114731e+01, 0. ]
