%YAML:1.0
---
K1: !!opencv-matrix
   rows: 3
   cols: 3
   dt: d
   data: [ 9.5010989833523638e+02, 0., 6.3311190339742814e+02, 0.,
       9.4722639019818860e+02, 3.4643125177018459e+02, 0., 0., 1. ]
K2: !!opencv-matrix
   rows: 3
   cols: 3
   dt: d
   data: [ 9.4947452349804132e+02, 0., 6.2017720085716348e+02, 0.,
       9.4639777743597529e+02, 3.3546190452045568e+02, 0., 0., 1. ]
D1: !!opencv-matrix
   rows: 1
   cols: 5
   dt: d
   data: [ 4.3447306129594888e-02, -9.1375007655131249e-02,
       -2.2370442411536553e-03, 2.1471394733911631e-04,
       5.0093947302126587e-02 ]
D2: !!opencv-matrix
   rows: 1
   cols: 5
   dt: d
   data: [ 3.3997878244389240e-02, -3.4408092846342567e-02,
       -7.1586287603157925e-04, 7.5829241953296114e-04,
       -3.7943637267496395e-02 ]
R: !!opencv-matrix
   rows: 3
   cols: 3
   dt: d
   data: [ 9.9795026054626557e-01, -4.1709303032259559e-02,
       4.8534642434077090e-02, 4.2352834029984722e-02,
       9.9902691681741740e-01, -1.2306783654287005e-02,
       -4.7974106820962703e-02, 1.4337137609997393e-02,
       9.9874567911950574e-01 ]
T: [ -5.2225211401635309e-02, -7.2342345141000481e-04,
    1.6892872820270519e-03 ]
E: !!opencv-matrix
   rows: 3
   cols: 3
   dt: d
   data: [ -3.6840509949922634e-05, -1.6980152865555252e-03,
       -7.0172635315961652e-04, -8.1963318729302240e-04,
       6.7830104742184181e-04, 5.2241693182687628e-02,
       -1.4899450888544330e-03, -5.2204565414669057e-02,
       6.7783547656193922e-04 ]
F: !!opencv-matrix
   rows: 3
   cols: 3
   dt: d
   data: [ -1.8759908209264890e-08, -8.6729476521832900e-07,
       -2.7170282429862126e-05, -4.1873013318537141e-07,
       3.4758195494021651e-07, 2.5502150841877541e-02,
       -5.6827256206257507e-04, -2.4895997391763878e-02, 1. ]
R1: !!opencv-matrix
   rows: 3
   cols: 3
   dt: d
   data: [ 9.9947015415001750e-01, -2.8317012529040755e-02,
       1.6048606318639635e-02, 2.8420595545061218e-02,
       9.9957643012812059e-01, -6.2633921469600513e-03,
       -1.5864448058617645e-02, 6.7161844638681132e-03,
       9.9985159506500898e-01 ]
R2: !!opencv-matrix
   rows: 3
   cols: 3
   dt: d
   data: [ 9.9938149696800882e-01, 1.3843429110351880e-02,
       -3.2326196628255199e-02, -1.3633286997318330e-02,
       9.9988453409250500e-01, 6.7120763004542760e-03,
       3.2415382207074260e-02, -6.2672125447467688e-03,
       9.9945483391861600e-01 ]
P1: !!opencv-matrix
   rows: 3
   cols: 4
   dt: d
   data: [ 9.4681208381708188e+02, 0., 6.3825170898437500e+02, 0., 0.,
       9.4681208381708188e+02, 3.3917071533203125e+02, 0., 0., 0., 1.,
       0. ]
P2: !!opencv-matrix
   rows: 3
   cols: 4
   dt: d
   data: [ 9.4681208381708188e+02, 0., 6.3825170898437500e+02,
       -4.9478063567303387e+01, 0., 9.4681208381708188e+02,
       3.3917071533203125e+02, 0., 0., 0., 1., 0. ]
Q: !!opencv-matrix
   rows: 4
   cols: 4
   dt: d
   data: [ 1., 0., 0., -6.3825170898437500e+02, 0., 1., 0.,
       -3.3917071533203125e+02, 0., 0., 0., 9.4681208381708188e+02, 0.,
       0., 1.9135997158198489e+01, 0. ]
