%YAML:1.0
---
K1: !!opencv-matrix
   rows: 3
   cols: 3
   dt: d
   data: [ 9.5412462934515509e+02, 0., 6.3630173898549094e+02, 0.,
       9.4587915875427234e+02, 3.4914746950418055e+02, 0., 0., 1. ]
K2: !!opencv-matrix
   rows: 3
   cols: 3
   dt: d
   data: [ 9.5196801373821461e+02, 0., 6.1407096214161004e+02, 0.,
       9.4401524143886331e+02, 3.3607544304603908e+02, 0., 0., 1. ]
D1: !!opencv-matrix
   rows: 1
   cols: 5
   dt: d
   data: [ 4.1677326205015061e-02, -1.8936919382943812e-02,
       -1.6141853796885826e-03, 9.6479504934861456e-04,
       -8.6422243888481132e-02 ]
D2: !!opencv-matrix
   rows: 1
   cols: 5
   dt: d
   data: [ 3.6811633997817818e-02, -8.1898188814593178e-04,
       -1.6370067497309172e-03, -1.2250589903623106e-03,
       -5.7480944279613901e-02 ]
R: !!opencv-matrix
   rows: 3
   cols: 3
   dt: d
   data: [ 9.9909135764302848e-01, -1.4932216245836440e-02,
       3.9918517019018655e-02, 1.5705165241269692e-02,
       9.9969383585778537e-01, -1.9120207443738109e-02,
       -3.9620788328281885e-02, 1.9729760919350803e-02,
       9.9901998461808095e-01 ]
T: [ -6.3386486520562266e-02, -7.2826205607174374e-04,
    -9.5148438127071915e-04 ]
E: !!opencv-matrix
   rows: 3
   cols: 3
   dt: d
   data: [ 4.3797536203481811e-05, 9.3682463461836648e-04,
       -7.4574092680409836e-04, -3.4620423875645900e-03,
       1.2648079951040161e-03, 6.3286384943299218e-02,
       -2.6789491854832266e-04, -6.3377954417793606e-02,
       1.2410339126824655e-03 ]
F: !!opencv-matrix
   rows: 3
   cols: 3
   dt: d
   data: [ 2.0510946186493633e-08, 4.4255144944698709e-07,
       -5.0078536532774051e-04, -1.6349773698206008e-06,
       6.0252270532853829e-07, 2.9346373753400688e-02,
       4.1744797839184084e-04, -2.8975640971170964e-02, 1. ]
R1: !!opencv-matrix
   rows: 3
   cols: 3
   dt: d
   data: [ 9.9849867691977912e-01, -3.1497787521696094e-03,
       5.4685199855745457e-02, 3.6905604785037829e-03,
       9.9994525821949376e-01, -9.7908287547320422e-03,
       -5.4651367346160211e-02, 9.9779485948947970e-03,
       9.9845564177335011e-01 ]
R2: !!opencv-matrix
   rows: 3
   cols: 3
   dt: d
   data: [ 9.9982138398713383e-01, 1.1487179946009209e-02,
       1.5008158412689274e-02, -1.1635027115075140e-02,
       9.9988427437623395e-01, 9.8012243696253901e-03,
       -1.4893833156170272e-02, -9.9740940440862340e-03,
       9.9983933268396463e-01 ]
P1: !!opencv-matrix
   rows: 3
   cols: 4
   dt: d
   data: [ 9.4494720009656783e+02, 0., 5.7693444061279297e+02, 0., 0.,
       9.4494720009656783e+02, 3.4125562286376953e+02, 0., 0., 0., 1.,
       0. ]
P2: !!opencv-matrix
   rows: 3
   cols: 4
   dt: d
   data: [ 9.4494720009656783e+02, 0., 5.7693444061279297e+02,
       -5.9907583415254230e+01, 0., 9.4494720009656783e+02,
       3.4125562286376953e+02, 0., 0., 0., 1., 0. ]
Q: !!opencv-matrix
   rows: 4
   cols: 4
   dt: d
   data: [ 1., 0., 0., -5.7693444061279297e+02, 0., 1., 0.,
       -3.4125562286376953e+02, 0., 0., 0., 9.4494720009656783e+02, 0.,
       0., 1.5773415421326384e+01, 0. ]
