%YAML:1.0
---
K1: !!opencv-matrix
   rows: 3
   cols: 3
   dt: d
   data: [ 4.7621511402767624e+02, 0., 3.1370010598753385e+02, 0.,
       6.3331603083183916e+02, 2.2874634201132903e+02, 0., 0., 1. ]
K2: !!opencv-matrix
   rows: 3
   cols: 3
   dt: d
   data: [ 4.7652137362485973e+02, 0., 3.2142392019085167e+02, 0.,
       6.3340756951934884e+02, 2.3893144194219312e+02, 0., 0., 1. ]
D1: !!opencv-matrix
   rows: 1
   cols: 5
   dt: d
   data: [ 6.7878482531363452e-03, -6.6618001864012762e-03,
       2.4065374535367705e-03, 3.8551964062356861e-03,
       5.9071377382209946e-02 ]
D2: !!opencv-matrix
   rows: 1
   cols: 5
   dt: d
   data: [ 2.1901517452437406e-02, -8.5197279776487195e-02,
       2.9790445396475412e-03, 8.9514438085774742e-04,
       6.8515354498689257e-02 ]
R: !!opencv-matrix
   rows: 3
   cols: 3
   dt: d
   data: [ 9.9738372874113501e-01, -7.9909371942291623e-03,
       -7.1845964153790742e-02, 6.3279848908672429e-03,
       9.9970746492825402e-01, -2.3343975110180010e-02,
       7.2011486928481458e-02, 2.2828260763396606e-02,
       9.9714252555031846e-01 ]
T: [ -5.3325343776842102e-02, -1.1258740801967689e-03,
    -2.5471510341290729e-03 ]
E: !!opencv-matrix
   rows: 3
   cols: 3
   dt: d
   data: [ -6.4957533350480068e-05, 2.5207041560290750e-03,
       -1.1821175541216263e-03, 1.2995503002563521e-03,
       1.2376789769734612e-03, 5.3355970491371620e-02,
       7.8548651847949074e-04, -5.3318741032637930e-02,
       1.1639359890608953e-03 ]
F: !!opencv-matrix
   rows: 3
   cols: 3
   dt: d
   data: [ -1.7326825929704448e-07, 5.0558485781712343e-06,
       -2.6037493783141385e-03, 2.6078446527128795e-06,
       1.8675805016374501e-06, 4.9743520253987199e-02,
       4.3101035526376649e-04, -5.3031884938774303e-02, 1. ]
R1: !!opencv-matrix
   rows: 3
   cols: 3
   dt: d
   data: [ 9.9959483940372917e-01, 1.4187274508081146e-02,
       -2.4675459052774310e-02, -1.4464053379230060e-02,
       9.9983405751356225e-01, -1.1074682650502711e-02,
       2.4514244782892540e-02, 1.1427102782372864e-02,
       9.9963416964643903e-01 ]
R2: !!opencv-matrix
   rows: 3
   cols: 3
   dt: d
   data: [ 9.9863909068192025e-01, 2.1084568575410870e-02,
       4.7701231954493731e-02, -2.1620151397606736e-02,
       9.9970856979071543e-01, 1.0739857566402342e-02,
       -4.7460885111133146e-02, -1.1756549450873880e-02,
       9.9880390864747681e-01 ]
P1: !!opencv-matrix
   rows: 3
   cols: 4
   dt: d
   data: [ 6.3336180017559400e+02, 0., 3.0830670166015625e+02, 0., 0.,
       6.3336180017559400e+02, 2.3563040733337402e+02, 0., 0., 0., 1.,
       0. ]
P2: !!opencv-matrix
   rows: 3
   cols: 4
   dt: d
   data: [ 6.3336180017559400e+02, 0., 3.0830670166015625e+02,
       -3.3820262039232212e+01, 0., 6.3336180017559400e+02,
       2.3563040733337402e+02, 0., 0., 0., 1., 0. ]
Q: !!opencv-matrix
   rows: 4
   cols: 4
   dt: d
   data: [ 1., 0., 0., -3.0830670166015625e+02, 0., 1., 0.,
       -2.3563040733337402e+02, 0., 0., 0., 6.3336180017559400e+02, 0.,
       0., 1.8727288376443713e+01, 0. ]
max_x: 680
min_x: 72
max_y : 480
min_y : 120

