%YAML:1.0
---
K1: !!opencv-matrix
   rows: 3
   cols: 3
   dt: d
   data: [ 9.4801485955760575e+02, 0., 6.3559936369389129e+02, 0.,
       9.4516472696118376e+02, 3.4892958061920973e+02, 0., 0., 1. ]
K2: !!opencv-matrix
   rows: 3
   cols: 3
   dt: d
   data: [ 9.4969844988287480e+02, 0., 6.2755972882860681e+02, 0.,
       9.4629325705390795e+02, 3.3917256838723506e+02, 0., 0., 1. ]
D1: !!opencv-matrix
   rows: 1
   cols: 5
   dt: d
   data: [ 1.9768218692884306e-02, -3.2285255929304620e-03,
       -6.5135703352402501e-04, 7.5002189024262638e-04,
       -4.0842935213911323e-02 ]
D2: !!opencv-matrix
   rows: 1
   cols: 5
   dt: d
   data: [ 3.1778176287733773e-02, -4.0223941628048272e-02,
       2.4456353714136952e-04, 2.8815550175203620e-03,
       -1.2171696130082135e-02 ]
R: !!opencv-matrix
   rows: 3
   cols: 3
   dt: d
   data: [ 9.9785667461947114e-01, -4.3490328042553969e-02,
       4.8894256146524484e-02, 4.3973094656663533e-02,
       9.9899359308846403e-01, -8.8412620431949085e-03,
       -4.8460539242635478e-02, 1.0972344095560140e-02,
       9.9876482907707631e-01 ]
T: [ -5.2366084001162612e-02, -1.2707522581397960e-03,
    1.5548806735060203e-03 ]
E: !!opencv-matrix
   rows: 3
   cols: 3
   dt: d
   data: [ -6.7915753626457437e-06, -1.5672589618861100e-03,
       -1.2554355544199360e-03, -9.8614061042668548e-04,
       5.0695642203995878e-04, 5.2377427670784682e-02,
       -1.0346701460093569e-03, -5.2368647844861081e-02,
       5.2511475723849676e-04 ]
F: !!opencv-matrix
   rows: 3
   cols: 3
   dt: d
   data: [ -3.6742828547720657e-09, -8.5045328500288690e-07,
       -3.4480624644146041e-04, -5.3542776690448520e-07,
       2.7608341212426356e-07, 2.7204075030268501e-02,
       -3.4769755579882640e-04, -2.6547686672733800e-02, 1. ]
R1: !!opencv-matrix
   rows: 3
   cols: 3
   dt: d
   data: [ 9.9962795632462131e-01, -1.9559466743527057e-02,
       1.9009897289831001e-02, 1.9652874600930650e-02,
       9.9979563092587098e-01, -4.7392933502241434e-03,
       -1.8913314204051068e-02, 5.1111292537210397e-03,
       9.9980806303188552e-01 ]
R2: !!opencv-matrix
   rows: 3
   cols: 3
   dt: d
   data: [ 9.9926555076716617e-01, 2.4248881300543892e-02,
       -2.9670706187487697e-02, -2.4102412091497865e-02,
       9.9969552874229495e-01, 5.2842732740441068e-03,
       2.9789810025639730e-02, -4.5652566560153256e-03,
       9.9954575965800641e-01 ]
P1: !!opencv-matrix
   rows: 3
   cols: 4
   dt: d
   data: [ 9.4572899200754591e+02, 0., 6.4126523590087891e+02, 0., 0.,
       9.4572899200754591e+02, 3.4338436126708984e+02, 0., 0., 0., 1.,
       0. ]
P2: !!opencv-matrix
   rows: 3
   cols: 4
   dt: d
   data: [ 9.4572899200754591e+02, 0., 6.4126523590087891e+02,
       -4.9560523526284733e+01, 0., 9.4572899200754591e+02,
       3.4338436126708984e+02, 0., 0., 0., 1., 0. ]
Q: !!opencv-matrix
   rows: 4
   cols: 4
   dt: d
   data: [ 1., 0., 0., -6.4126523590087891e+02, 0., 1., 0.,
       -3.4338436126708984e+02, 0., 0., 0., 9.4572899200754591e+02, 0.,
       0., 1.9082304316377382e+01, 0. ]
