%YAML:1.0
---
K1: !!opencv-matrix
   rows: 3
   cols: 3
   dt: d
   data: [ 9.5312159057513554e+02, 0., 6.3502036078322828e+02, 0.,
       9.5067995319699060e+02, 3.4811838867771030e+02, 0., 0., 1. ]
K2: !!opencv-matrix
   rows: 3
   cols: 3
   dt: d
   data: [ 9.4955550979069710e+02, 0., 6.2424912277637839e+02, 0.,
       9.4686758304165812e+02, 3.3742026667743022e+02, 0., 0., 1. ]
D1: !!opencv-matrix
   rows: 1
   cols: 5
   dt: d
   data: [ 2.9690103317423475e-02, -1.7000626811694345e-02,
       -1.8959203360300173e-03, 3.1831278901879064e-04,
       -7.0512223834802767e-02 ]
D2: !!opencv-matrix
   rows: 1
   cols: 5
   dt: d
   data: [ 3.4361091785055232e-02, -4.0261688712982760e-02,
       -8.1342437950230131e-04, 1.7057500322632635e-03,
       -2.9509909432155416e-02 ]
R: !!opencv-matrix
   rows: 3
   cols: 3
   dt: d
   data: [ 9.9796298280342299e-01, -4.1449563611926213e-02,
       4.8495552687600113e-02, 4.2114903715186024e-02,
       9.9903104942718524e-01, -1.2778777933650480e-02,
       -4.7918888125200967e-02, 1.4795132875301409e-02,
       9.9874165038014040e-01 ]
T: [ -5.2394339482911181e-02, -1.2297521289233019e-03,
    6.2828834462107122e-04 ]
E: !!opencv-matrix
   rows: 3
   cols: 3
   dt: d
   data: [ 3.2468051548513391e-05, -6.4587391042076291e-04,
       -1.2201759135651363e-03, -1.8836699816167516e-03,
       7.4913893685631886e-04, 5.2358878276259645e-02,
       -9.7933545985441563e-04, -5.2394544646751674e-02,
       7.2917313839330588e-04 ]
F: !!opencv-matrix
   rows: 3
   cols: 3
   dt: d
   data: [ 1.6155928171201088e-08, -3.2220880196617180e-07,
       -4.7678315319206547e-04, -9.3996485011055863e-07,
       3.7478580906375090e-07, 2.5369069714177690e-02,
       -1.5565199277947300e-04, -2.4744996553855699e-02, 1. ]
R1: !!opencv-matrix
   rows: 3
   cols: 3
   dt: d
   data: [ 9.9917908723680782e-01, -1.8172323724925644e-02,
       3.6206605461651435e-02, 1.8427347908721404e-02,
       9.9980760296495907e-01, -6.7223435283920042e-03,
       -3.6077478815323596e-02, 7.3840167862267003e-03,
       9.9932171587453777e-01 ]
R2: !!opencv-matrix
   rows: 3
   cols: 3
   dt: d
   data: [ 9.9965283648466385e-01, 2.3462939240836925e-02,
       -1.1987367949071992e-02, -2.3377781519404832e-02,
       9.9970080813340678e-01, 7.1953838427525185e-03,
       1.2152606279996784e-02, -6.9126477990973031e-03,
       9.9990225995394610e-01 ]
P1: !!opencv-matrix
   rows: 3
   cols: 4
   dt: d
   data: [ 9.4877376811932436e+02, 0., 6.1381607818603516e+02, 0., 0.,
       9.4877376811932436e+02, 3.4097975158691406e+02, 0., 0., 0., 1.,
       0. ]
P2: !!opencv-matrix
   rows: 3
   cols: 4
   dt: d
   data: [ 9.4877376811932436e+02, 0., 6.1381607818603516e+02,
       -4.9727638521123083e+01, 0., 9.4877376811932436e+02,
       3.4097975158691406e+02, 0., 0., 0., 1., 0. ]
Q: !!opencv-matrix
   rows: 4
   cols: 4
   dt: d
   data: [ 1., 0., 0., -6.1381607818603516e+02, 0., 1., 0.,
       -3.4097975158691406e+02, 0., 0., 0., 9.4877376811932436e+02, 0.,
       0., 1.9079405263057254e+01, 0. ]
